10
7
12731509 218076959 -151144090 -339458789 -788772019 -788772019 -788772019
4
575142629 575142629 98874592 575142629
8
32567863 -988369182 -850121775 -850121775 -988369182 -162911474 -988369182 55488306
9
-656571174 655201416 63659322 -141643198 -180186882 -141643198 -161101579 -739519210 691972578
4
773514829 773514829 -301793315 773514829
3
-731927778 460687774 -731927778
6
-958119234 27013480 -19767557 -958119234 134492232 -405917544
10
-620254686 -620254686 -833749701 203865392 644102889 -833749701 -392829808 203865392 644102889 203865392
3
339582283 413821730 413821730
9
487297302 958604538 569077527 -699345604 -976817404 -590081820 -838111304 -254037970 708764200
